#2.500000e-01 0.000000e+00 0.000000e+00 5.000000e-01 5.000000e-02 5.000000e-02
#time r_i_B0(1) r_i_B0(2) r_i_B0(3)  T_B0(1,1)  T_B0(2,1)  T_B0(3,1)  T_B0(1,2)  T_B0(2,2)  T_B0(3,2)  T_B0(1,3)  T_B0(2,3)  T_B0(3,3) 
9.000000e-03 0.000000e+00 0.000000e+00 0.000000e+00 7.499961e-01 6.614422e-01 -5.567726e-06 4.175773e-06 3.682729e-06 1.000000e+00 6.614422e-01 -7.499961e-01 6.123234e-17
1.900000e-02 0.000000e+00 0.000000e+00 0.000000e+00 7.499525e-01 6.614917e-01 -5.905162e-05 4.428591e-05 3.906216e-05 1.000000e+00 6.614917e-01 -7.499525e-01 6.123234e-17
2.900000e-02 0.000000e+00 0.000000e+00 0.000000e+00 7.498073e-01 6.616563e-01 -2.157005e-04 1.617338e-04 1.427196e-04 1.000000e+00 6.616563e-01 -7.498073e-01 6.123234e-17
3.900000e-02 0.000000e+00 0.000000e+00 0.000000e+00 7.494918e-01 6.620134e-01 -5.274850e-04 3.953457e-04 3.492022e-04 9.999999e-01 6.620135e-01 -7.494919e-01 6.123234e-17
4.900000e-02 0.000000e+00 0.000000e+00 0.000000e+00 7.489371e-01 6.626403e-01 -1.043196e-03 7.812887e-04 6.912642e-04 9.999995e-01 6.626407e-01 -7.489375e-01 6.123234e-17
5.900000e-02 0.000000e+00 0.000000e+00 0.000000e+00 7.480761e-01 6.636105e-01 -1.808674e-03 1.353028e-03 1.200257e-03 9.999984e-01 6.636116e-01 -7.480773e-01 6.123234e-17
6.900000e-02 0.000000e+00 0.000000e+00 0.000000e+00 7.468446e-01 6.649924e-01 -2.867060e-03 2.141257e-03 1.906581e-03 9.999959e-01 6.649951e-01 -7.468477e-01 6.123234e-17
7.900000e-02 0.000000e+00 0.000000e+00 0.000000e+00 7.451816e-01 6.668480e-01 -4.259071e-03 3.173810e-03 2.840179e-03 9.999909e-01 6.668540e-01 -7.451884e-01 6.123234e-17
8.900000e-02 0.000000e+00 0.000000e+00 0.000000e+00 7.430284e-01 6.692328e-01 -6.023280e-03 4.475549e-03 4.031050e-03 9.999819e-01 6.692450e-01 -7.430418e-01 6.123234e-17
9.900000e-02 0.000000e+00 0.000000e+00 0.000000e+00 7.403286e-01 6.721951e-01 -8.196401e-03 6.068234e-03 5.509766e-03 9.999664e-01 6.722177e-01 -7.403535e-01 6.123234e-17
1.090000e-01 0.000000e+00 0.000000e+00 0.000000e+00 7.370283e-01 6.757754e-01 -1.081356e-02 7.970368e-03 7.307968e-03 9.999415e-01 6.758149e-01 -7.370714e-01 6.123234e-17
1.190000e-01 0.000000e+00 0.000000e+00 0.000000e+00 7.330747e-01 6.800059e-01 -1.390859e-02 1.019702e-02 9.458841e-03 9.999033e-01 6.800717e-01 -7.331456e-01 6.123234e-17
1.290000e-01 0.000000e+00 0.000000e+00 0.000000e+00 7.284170e-01 6.849102e-01 -1.751427e-02 1.275965e-02 1.199754e-02 9.998466e-01 6.850153e-01 -7.285287e-01 6.123234e-17
1.390000e-01 0.000000e+00 0.000000e+00 0.000000e+00 7.230053e-01 6.905027e-01 -2.166255e-02 1.566582e-02 1.496156e-02 9.997653e-01 6.906648e-01 -7.231750e-01 6.123234e-17
1.490000e-01 0.000000e+00 0.000000e+00 0.000000e+00 7.167914e-01 6.967883e-01 -2.638483e-02 1.891901e-02 1.839105e-02 9.996519e-01 6.970310e-01 -7.170410e-01 6.123234e-17
1.590000e-01 0.000000e+00 0.000000e+00 0.000000e+00 7.097279e-01 7.037618e-01 -3.171212e-02 2.251830e-02 2.232901e-02 9.994970e-01 7.041159e-01 -7.100850e-01 6.123234e-17
1.690000e-01 0.000000e+00 0.000000e+00 0.000000e+00 7.017690e-01 7.114076e-01 -3.767520e-02 2.645807e-02 2.682146e-02 9.992900e-01 7.119131e-01 -7.022676e-01 6.123234e-17
1.790000e-01 0.000000e+00 0.000000e+00 0.000000e+00 6.928705e-01 7.196996e-01 -4.430479e-02 3.072766e-02 3.191748e-02 9.990181e-01 7.204070e-01 -6.935516e-01 6.123234e-17
1.890000e-01 0.000000e+00 0.000000e+00 0.000000e+00 6.829901e-01 7.286005e-01 -5.163167e-02 3.531102e-02 3.766911e-02 9.986662e-01 7.295736e-01 -6.839023e-01 6.123234e-17
1.990000e-01 0.000000e+00 0.000000e+00 0.000000e+00 6.720877e-01 7.380621e-01 -5.968670e-02 4.018635e-02 4.413117e-02 9.982172e-01 7.393803e-01 -6.732881e-01 6.123234e-17
2.090000e-01 0.000000e+00 0.000000e+00 0.000000e+00 6.601265e-01 7.480245e-01 -6.850088e-02 4.532572e-02 5.136098e-02 9.976511e-01 7.497857e-01 -6.616808e-01 6.123234e-17
2.190000e-01 0.000000e+00 0.000000e+00 0.000000e+00 6.470732e-01 7.584166e-01 -7.810532e-02 5.069473e-02 5.941789e-02 9.969451e-01 7.607406e-01 -6.490560e-01 6.123234e-17
2.290000e-01 0.000000e+00 0.000000e+00 0.000000e+00 6.328993e-01 7.691559e-01 -8.853112e-02 5.625216e-02 6.836266e-02 9.960734e-01 7.721879e-01 -6.353942e-01 6.123234e-17
2.390000e-01 0.000000e+00 0.000000e+00 0.000000e+00 6.175818e-01 7.801479e-01 -9.980927e-02 6.194973e-02 7.825676e-02 9.950066e-01 7.840631e-01 -6.206811e-01 6.123234e-17
2.490000e-01 0.000000e+00 0.000000e+00 0.000000e+00 6.011049e-01 7.912873e-01 -1.119704e-01 6.773186e-02 8.916142e-02 9.937115e-01 7.962948e-01 -6.049088e-01 6.123234e-17
2.590000e-01 0.000000e+00 0.000000e+00 0.000000e+00 5.834609e-01 8.024570e-01 -1.250444e-01 7.353566e-02 1.011365e-01 9.921512e-01 8.088052e-01 -5.880766e-01 6.123234e-17
2.690000e-01 0.000000e+00 0.000000e+00 0.000000e+00 5.646523e-01 8.135294e-01 -1.390600e-01 7.929097e-02 1.142394e-01 9.902840e-01 8.215112e-01 -5.701923e-01 6.123234e-17
2.790000e-01 0.000000e+00 0.000000e+00 0.000000e+00 5.446934e-01 8.243660e-01 -1.540446e-01 8.492072e-02 1.285232e-01 9.880639e-01 8.343246e-01 -5.512735e-01 6.123234e-17
2.890000e-01 0.000000e+00 0.000000e+00 0.000000e+00 5.236120e-01 8.348189e-01 -1.700230e-01 9.034148e-02 1.440356e-01 9.854401e-01 8.471534e-01 -5.313484e-01 6.123234e-17
2.990000e-01 0.000000e+00 0.000000e+00 0.000000e+00 5.014520e-01 8.447310e-01 -1.870172e-01 9.546445e-02 1.608166e-01 9.823566e-01 8.599026e-01 -5.104582e-01 6.123234e-17
3.090000e-01 0.000000e+00 0.000000e+00 0.000000e+00 4.782748e-01 8.539378e-01 -2.050450e-01 1.001968e-01 1.788967e-01 9.787526e-01 8.724757e-01 -4.886575e-01 6.123234e-17
3.190000e-01 0.000000e+00 0.000000e+00 0.000000e+00 4.541618e-01 8.622689e-01 -2.241193e-01 1.044433e-01 1.982954e-01 9.745617e-01 8.847761e-01 -4.660165e-01 6.123234e-17
3.290000e-01 0.000000e+00 0.000000e+00 0.000000e+00 4.292162e-01 8.695498e-01 -2.442469e-01 1.081090e-01 2.190182e-01 9.697131e-01 8.967083e-01 -4.426219e-01 6.123234e-17
3.390000e-01 0.000000e+00 0.000000e+00 0.000000e+00 4.035644e-01 8.756052e-01 -2.654268e-01 1.111019e-01 2.410555e-01 9.641310e-01 9.081807e-01 -4.185784e-01 6.123234e-17
3.490000e-01 0.000000e+00 0.000000e+00 0.000000e+00 3.773566e-01 8.802612e-01 -2.876493e-01 1.133365e-01 2.643804e-01 9.577358e-01 9.191065e-01 -3.940091e-01 6.123234e-17
3.590000e-01 0.000000e+00 0.000000e+00 0.000000e+00 3.507676e-01 8.833499e-01 -3.108940e-01 1.147374e-01 2.889471e-01 9.504446e-01 9.294070e-01 -3.690563e-01 6.123234e-17
3.690000e-01 0.000000e+00 0.000000e+00 0.000000e+00 3.239953e-01 8.847124e-01 -3.351283e-01 1.152443e-01 3.146899e-01 9.421725e-01 9.390132e-01 -3.438811e-01 6.123234e-17
3.790000e-01 0.000000e+00 0.000000e+00 0.000000e+00 2.972592e-01 8.842039e-01 -3.603061e-01 1.148160e-01 3.415227e-01 9.328341e-01 9.478683e-01 -3.186624e-01 6.123234e-17
3.890000e-01 0.000000e+00 0.000000e+00 0.000000e+00 2.707964e-01 8.816975e-01 -3.863663e-01 1.134354e-01 3.693390e-01 9.223454e-01 9.559298e-01 -2.935954e-01 6.123234e-17
3.990000e-01 0.000000e+00 0.000000e+00 0.000000e+00 2.448571e-01 8.770888e-01 -4.132314e-01 1.111133e-01 3.980126e-01 9.106260e-01 9.631712e-01 -2.688888e-01 6.123234e-17
4.090000e-01 0.000000e+00 0.000000e+00 0.000000e+00 2.196981e-01 8.702999e-01 -4.408070e-01 1.078924e-01 4.273992e-01 8.976019e-01 9.695834e-01 -2.447612e-01 6.123234e-17
4.190000e-01 0.000000e+00 0.000000e+00 0.000000e+00 1.955748e-01 8.612823e-01 -4.689811e-01 1.038497e-01 4.573385e-01 8.832082e-01 9.751747e-01 -2.214368e-01 6.123234e-17
4.290000e-01 0.000000e+00 0.000000e+00 0.000000e+00 1.727329e-01 8.500196e-01 -4.976243e-01 9.909711e-02 4.876574e-01 8.673927e-01 9.799710e-01 -1.991404e-01 6.123234e-17
4.390000e-01 0.000000e+00 0.000000e+00 0.000000e+00 1.513992e-01 8.365286e-01 -5.265911e-01 9.378156e-02 5.181730e-01 8.501187e-01 9.840139e-01 -1.780918e-01 6.123234e-17
4.490000e-01 0.000000e+00 0.000000e+00 0.000000e+00 1.317719e-01 8.208593e-01 -5.557213e-01 8.808180e-02 5.486964e-01 8.313686e-01 9.873590e-01 -1.585000e-01 6.123234e-17
4.590000e-01 0.000000e+00 0.000000e+00 0.000000e+00 1.140128e-01 8.030941e-01 -5.848426e-01 8.220406e-02 5.790366e-01 8.111468e-01 9.900725e-01 -1.405576e-01 6.123234e-17
4.690000e-01 0.000000e+00 0.000000e+00 0.000000e+00 9.824004e-02 7.833455e-01 -6.137742e-01 7.637569e-02 6.090037e-01 7.894816e-01 9.922276e-01 -1.244361e-01 6.123234e-17
4.790000e-01 0.000000e+00 0.000000e+00 0.000000e+00 8.452282e-02 7.617526e-01 -6.423308e-01 7.083724e-02 6.384128e-01 7.664275e-01 9.939004e-01 -1.102816e-01 6.123234e-17
4.890000e-01 0.000000e+00 0.000000e+00 0.000000e+00 7.287917e-02 7.384779e-01 -6.703275e-01 6.583370e-02 6.670869e-01 7.420654e-01 9.951656e-01 -9.821125e-02 6.123234e-17
4.990000e-01 0.000000e+00 0.000000e+00 0.000000e+00 6.327580e-02 7.137026e-01 -6.975849e-01 6.160519e-02 6.948594e-01 7.165021e-01 9.960929e-01 -8.831210e-02 6.123234e-17
5.090000e-01 0.000000e+00 0.000000e+00 0.000000e+00 5.563096e-02 6.876224e-01 -7.239342e-01 5.837797e-02 7.215765e-01 6.898691e-01 9.967433e-01 -8.063989e-02 6.123234e-17
5.190000e-01 0.000000e+00 0.000000e+00 0.000000e+00 4.981954e-02 6.604426e-01 -7.492220e-01 5.635638e-02 7.470994e-01 6.623190e-01 9.971670e-01 -7.521987e-02 6.123234e-17
5.290000e-01 0.000000e+00 0.000000e+00 0.000000e+00 4.568025e-02 6.323744e-01 -7.733149e-01 5.571607e-02 7.713052e-01 6.340221e-01 9.974011e-01 -7.204835e-02 6.123234e-17
5.390000e-01 0.000000e+00 0.000000e+00 0.000000e+00 4.302407e-02 6.036302e-01 -7.961027e-01 5.659906e-02 7.940882e-01 6.051615e-01 9.974695e-01 -7.109518e-02 6.123234e-17
5.490000e-01 0.000000e+00 0.000000e+00 0.000000e+00 4.164343e-02 5.744201e-01 -8.175007e-01 5.911079e-02 8.153608e-01 5.759276e-01 9.973824e-01 -7.230671e-02 6.123234e-17
5.590000e-01 0.000000e+00 0.000000e+00 0.000000e+00 4.132142e-02 5.449482e-01 -8.374509e-01 6.331905e-02 8.350537e-01 5.465126e-01 9.971375e-01 -7.560928e-02 6.123234e-17
5.690000e-01 0.000000e+00 0.000000e+00 0.000000e+00 4.184034e-02 5.154100e-01 -8.559217e-01 6.925485e-02 8.531153e-01 5.171054e-01 9.967212e-01 -8.091260e-02 6.123234e-17
5.790000e-01 0.000000e+00 0.000000e+00 0.000000e+00 4.298928e-02 4.859890e-01 -8.729070e-01 7.691468e-02 8.695118e-01 4.878866e-01 9.961105e-01 -8.811326e-02 6.123234e-17
5.890000e-01 0.000000e+00 0.000000e+00 0.000000e+00 4.457032e-02 4.568555e-01 -8.884236e-01 8.626409e-02 8.842257e-01 4.590245e-01 9.952748e-01 -9.709792e-02 6.123234e-17
5.990000e-01 0.000000e+00 0.000000e+00 0.000000e+00 4.640322e-02 4.281645e-01 -9.025087e-01 9.724185e-02 8.972547e-01 4.306716e-01 9.941784e-01 -1.077462e-01 6.123234e-17
6.090000e-01 0.000000e+00 0.000000e+00 0.000000e+00 4.832862e-02 4.000547e-01 -9.152161e-01 1.097647e-01 9.086101e-01 4.029633e-01 9.927820e-01 -1.199331e-01 6.123234e-17
6.190000e-01 0.000000e+00 0.000000e+00 0.000000e+00 5.020981e-02 3.726482e-01 -9.266134e-01 1.237318e-01 9.183152e-01 3.760156e-01 9.910446e-01 -1.335312e-01 6.123234e-17
6.290000e-01 0.000000e+00 0.000000e+00 0.000000e+00 5.193333e-02 3.460502e-01 -9.367775e-01 1.390295e-01 9.264032e-01 3.499255e-01 9.889255e-01 -1.484125e-01 6.123234e-17
6.390000e-01 0.000000e+00 0.000000e+00 0.000000e+00 5.340849e-02 3.203497e-01 -9.457926e-01 1.555352e-01 9.329161e-01 3.247713e-01 9.863855e-01 -1.644496e-01 6.123234e-17
6.490000e-01 0.000000e+00 0.000000e+00 0.000000e+00 5.456626e-02 2.956196e-01 -9.537461e-01 1.731205e-01 9.379024e-01 3.006135e-01 9.833879e-01 -1.815164e-01 6.123234e-17
6.590000e-01 0.000000e+00 0.000000e+00 0.000000e+00 5.535752e-02 2.719184e-01 -9.607268e-01 1.916548e-01 9.414162e-01 2.774960e-01 9.799000e-01 -1.994894e-01 6.123234e-17
6.690000e-01 0.000000e+00 0.000000e+00 0.000000e+00 5.575105e-02 2.492905e-01 -9.668227e-01 2.110068e-01 9.435159e-01 2.554485e-01 9.758934e-01 -2.182477e-01 6.123234e-17
6.790000e-01 0.000000e+00 0.000000e+00 0.000000e+00 5.573138e-02 2.277681e-01 -9.721192e-01 2.310468e-01 9.442632e-01 2.344873e-01 9.713451e-01 -2.376733e-01 6.123234e-17
6.890000e-01 0.000000e+00 0.000000e+00 0.000000e+00 5.529659e-02 2.073721e-01 -9.766981e-01 2.516474e-01 9.437228e-01 2.146181e-01 9.662380e-01 -2.576511e-01 6.123234e-17
6.990000e-01 0.000000e+00 0.000000e+00 0.000000e+00 5.445615e-02 1.881133e-01 -9.806365e-01 2.726846e-01 9.419613e-01 1.958368e-01 9.605611e-01 -2.780690e-01 6.123234e-17
7.090000e-01 0.000000e+00 0.000000e+00 0.000000e+00 5.322896e-02 1.699935e-01 -9.840066e-01 2.940380e-01 9.390477e-01 1.781322e-01 9.543104e-01 -2.988171e-01 6.123234e-17
7.190000e-01 0.000000e+00 0.000000e+00 0.000000e+00 5.164151e-02 1.530068e-01 -9.868749e-01 3.155909e-01 9.350532e-01 1.614866e-01 9.474891e-01 -3.197881e-01 6.123234e-17
7.290000e-01 0.000000e+00 0.000000e+00 0.000000e+00 4.972627e-02 1.371407e-01 -9.893026e-01 3.372302e-01 9.300513e-01 1.458776e-01 9.401080e-01 -3.408767e-01 6.123234e-17
7.390000e-01 0.000000e+00 0.000000e+00 0.000000e+00 4.752022e-02 1.223764e-01 -9.913455e-01 3.588464e-01 9.241186e-01 1.312789e-01 9.321862e-01 -3.619791e-01 6.123234e-17
7.490000e-01 0.000000e+00 0.000000e+00 0.000000e+00 4.506362e-02 1.086901e-01 -9.930537e-01 3.803328e-01 9.173346e-01 1.176617e-01 9.237512e-01 -3.829932e-01 6.123234e-17
7.590000e-01 0.000000e+00 0.000000e+00 0.000000e+00 4.239891e-02 9.605369e-02 -9.944727e-01 4.015858e-01 9.097829e-01 1.049951e-01 9.148394e-01 -4.038178e-01 6.123234e-17
7.690000e-01 0.000000e+00 0.000000e+00 0.000000e+00 3.956974e-02 8.443493e-02 -9.956430e-01 4.225047e-01 9.015513e-01 9.324711e-02 9.054966e-01 -4.243536e-01 6.123234e-17
7.790000e-01 0.000000e+00 0.000000e+00 0.000000e+00 3.662021e-02 7.379839e-02 -9.966006e-01 4.429914e-01 8.927325e-01 8.238472e-02 8.957776e-01 -4.445024e-01 6.123234e-17
7.890000e-01 0.000000e+00 0.000000e+00 0.000000e+00 3.359407e-02 6.410567e-02 -9.973775e-01 4.629514e-01 8.834240e-01 7.237471e-02 8.857468e-01 -4.641687e-01 6.123234e-17
7.990000e-01 0.000000e+00 0.000000e+00 0.000000e+00 3.053413e-02 5.531591e-02 -9.980019e-01 4.822939e-01 8.737279e-01 6.318372e-02 8.754772e-01 -4.832595e-01 6.123234e-17
8.090000e-01 0.000000e+00 0.000000e+00 0.000000e+00 2.748165e-02 4.738613e-02 -9.984985e-01 5.009332e-01 8.637507e-01 5.477852e-02 8.650495e-01 -5.016865e-01 6.123234e-17
8.190000e-01 0.000000e+00 0.000000e+00 0.000000e+00 2.447575e-02 4.027167e-02 -9.988889e-01 5.187901e-01 8.536018e-01 4.712611e-02 8.545512e-01 -5.193671e-01 6.123234e-17
8.290000e-01 0.000000e+00 0.000000e+00 0.000000e+00 2.155295e-02 3.392651e-02 -9.991919e-01 5.357931e-01 8.433921e-01 4.019375e-02 8.440742e-01 -5.362264e-01 6.123234e-17
8.390000e-01 0.000000e+00 0.000000e+00 0.000000e+00 1.874662e-02 2.830372e-02 -9.994236e-01 5.518807e-01 8.332317e-01 3.394903e-02 8.337123e-01 -5.521991e-01 6.123234e-17
8.490000e-01 0.000000e+00 0.000000e+00 0.000000e+00 1.608652e-02 2.335589e-02 -9.995978e-01 5.670031e-01 8.232273e-01 2.835972e-02 8.235585e-01 -5.672313e-01 6.123234e-17
8.590000e-01 0.000000e+00 0.000000e+00 0.000000e+00 1.359838e-02 1.903553e-02 -9.997263e-01 5.811236e-01 8.134790e-01 2.339375e-02 8.137017e-01 -5.812827e-01 6.123234e-17
8.690000e-01 0.000000e+00 0.000000e+00 0.000000e+00 1.130352e-02 1.529553e-02 -9.998191e-01 5.942200e-01 8.040777e-01 1.901901e-02 8.042231e-01 -5.943275e-01 6.123234e-17
8.790000e-01 0.000000e+00 0.000000e+00 0.000000e+00 9.218566e-03 1.208952e-02 -9.998844e-01 6.062852e-01 7.951019e-01 1.520324e-02 7.951939e-01 -6.063553e-01 6.123234e-17
8.890000e-01 0.000000e+00 0.000000e+00 0.000000e+00 7.355229e-03 9.372240e-03 -9.999290e-01 6.173275e-01 7.866161e-01 1.191379e-02 7.866719e-01 -6.173713e-01 6.123234e-17
8.990000e-01 0.000000e+00 0.000000e+00 0.000000e+00 5.720210e-03 7.099723e-03 -9.999584e-01 6.273692e-01 7.786686e-01 9.117393e-03 7.787009e-01 -6.273953e-01 6.123234e-17
9.090000e-01 0.000000e+00 0.000000e+00 0.000000e+00 4.315184e-03 5.229453e-03 -9.999770e-01 6.364460e-01 7.712915e-01 6.779970e-03 7.713092e-01 -6.364606e-01 6.123234e-17
9.190000e-01 0.000000e+00 0.000000e+00 0.000000e+00 3.136885e-03 3.720346e-03 -9.999882e-01 6.446044e-01 7.645008e-01 4.866315e-03 7.645099e-01 -6.446120e-01 6.123234e-17
9.290000e-01 0.000000e+00 0.000000e+00 0.000000e+00 2.177255e-03 2.532611e-03 -9.999944e-01 6.518996e-01 7.582979e-01 3.339844e-03 7.583021e-01 -6.519033e-01 6.123234e-17
9.390000e-01 0.000000e+00 0.000000e+00 0.000000e+00 1.423652e-03 1.627510e-03 -9.999977e-01 6.583933e-01 7.526709e-01 2.162307e-03 7.526727e-01 -6.583949e-01 6.123234e-17
9.490000e-01 0.000000e+00 0.000000e+00 0.000000e+00 8.590767e-04 9.670147e-04 -9.999992e-01 6.641508e-01 7.475975e-01 1.293495e-03 7.475981e-01 -6.641514e-01 6.123234e-17
9.590000e-01 0.000000e+00 0.000000e+00 0.000000e+00 4.624119e-04 5.134096e-04 -9.999998e-01 6.692390e-01 7.430469e-01 6.909517e-04 7.430471e-01 -6.692391e-01 6.123234e-17
9.690000e-01 0.000000e+00 0.000000e+00 0.000000e+00 2.086428e-04 2.288525e-04 -1.000000e+00 6.737242e-01 7.389828e-01 3.096858e-04 7.389829e-01 -6.737242e-01 6.123234e-17
9.790000e-01 0.000000e+00 0.000000e+00 0.000000e+00 6.905732e-05 7.493660e-05 -1.000000e+00 6.776709e-01 7.353653e-01 1.019039e-04 7.353653e-01 -6.776710e-01 6.123234e-17
9.890000e-01 0.000000e+00 0.000000e+00 0.000000e+00 1.141497e-05 1.226986e-05 -1.000000e+00 6.811405e-01 7.321528e-01 1.675861e-05 7.321528e-01 -6.811405e-01 6.123234e-17
9.990000e-01 0.000000e+00 0.000000e+00 0.000000e+00 8.962328e-08 9.553286e-08 -1.000000e+00 6.841899e-01 7.293039e-01 1.309918e-07 7.293039e-01 -6.841899e-01 6.123234e-17
